9.646320000000000450e-01 -2.636009999999999742e-01 5.300000000000000078e-05 -9.101216200000000356e+01
-2.609119999999999773e-01 -9.547639999999999461e-01 1.426590000000000080e-01 8.945454600000000482e+02
3.755499999999999811e-02 1.376269999999999993e-01 9.897719999999999851e-01 -1.460662129999999888e+05
0.000000000000000000e+00 0.000000000000000000e+00 0.000000000000000000e+00 1.000000000000000000e+00
9.646261952657890770e-01 -2.636009999999999742e-01 3.347501258719986963e-03 -5.772002160012868899e+02
-2.613977003108035047e-01 -9.547639999999999461e-01 1.417670766397900184e-01 1.026171599668640283e+03
3.417441838965627754e-02 1.376269999999999993e-01 9.898944869481447473e-01 -1.460842890868739632e+05
0.000000000000000000e+00 0.000000000000000000e+00 0.000000000000000000e+00 1.000000000000000000e+00
5.090140902311141025e-01 -6.145165628908110245e-01 6.027231089080909987e-01 -8.903042497273055778e+04
-2.738248703312226584e-01 -7.794510317833828195e-01 -5.634506449328855471e-01 1.050991115601940110e+05
-8.160422424894928639e-01 -1.217639396976120530e-01 5.650207339442339105e-01 -8.338328309319195978e+04
0.000000000000000000e+00 0.000000000000000000e+00 0.000000000000000000e+00 1.000000000000000000e+00
9.646320000000000450e-01 -2.636009999999999742e-01 5.300000000000000078e-05 -9.101216200000000356e+01
-2.609119999999999773e-01 -9.547639999999999461e-01 1.426590000000000080e-01 8.945454600000000482e+02
3.755499999999999811e-02 1.376269999999999993e-01 9.897719999999999851e-01 -1.460662129999999888e+05
0.000000000000000000e+00 0.000000000000000000e+00 0.000000000000000000e+00 1.000000000000000000e+00
9.629771323825101481e-01 -2.635309732399448435e-01 -5.680477545756774937e-02 8.299809098544106746e+03
-2.523183011806481857e-01 -9.552641148868550314e-01 1.542948739697670990e-01 -8.226258134944648646e+02
9.492556342034186301e-02 1.342492866969529908e-01 9.863906500093504448e-01 -1.455672081908502150e+05
0.000000000000000000e+00 0.000000000000000000e+00 0.000000000000000000e+00 1.000000000000000000e+00
9.534433734345010292e-01 -2.618267334640734245e-01 -1.496418779820357925e-01 2.200030172880823739e+04
-2.404728043973448914e-01 -9.595109578150727847e-01 1.466714699731442861e-01 3.024027304083311947e+02
1.819860137266458011e-01 1.038578716435819421e-01 9.778011011059081214e-01 -1.442996002167873667e+05
0.000000000000000000e+00 0.000000000000000000e+00 0.000000000000000000e+00 1.000000000000000000e+00
9.368622919459094200e-01 -2.593513022243523203e-01 -2.345762958561797840e-01 3.453455080054973223e+04
-2.360732106301625943e-01 -9.639328277113001775e-01 1.228979693892340991e-01 3.810791733173663943e+03
2.579899810954378037e-01 5.976102175356030888e-02 9.642978044237145996e-01 -1.423068428854186786e+05
0.000000000000000000e+00 0.000000000000000000e+00 0.000000000000000000e+00 1.000000000000000000e+00
9.183582367887158648e-01 -2.574985935119474822e-01 -3.005206061499787196e-01 4.426632304053241387e+04
-2.374845109145086175e-01 -9.660217374683875979e-01 1.020003657855092366e-01 6.894768466372060175e+03
3.165747955713110739e-01 2.230361190315315045e-02 9.483055919548671886e-01 -1.399467822726554296e+05
0.000000000000000000e+00 0.000000000000000000e+00 0.000000000000000000e+00 1.000000000000000000e+00
8.510434382683702559e-01 -2.383417825075993257e-01 -4.678868343034545685e-01 6.896549732559220865e+04
-2.552728514144523841e-01 -9.664640541676537966e-01 2.799905647886560475e-02 1.781555730204642896e+04
4.588694615073942162e-01 -9.561067272497585090e-02 8.833448750039727404e-01 -1.303601644265433424e+05
0.000000000000000000e+00 0.000000000000000000e+00 0.000000000000000000e+00 1.000000000000000000e+00
8.510434382683702559e-01 -2.383417825075993257e-01 -4.678868343034545685e-01 6.896549732559220865e+04
-2.552728514144523841e-01 -9.664640541676537966e-01 2.799905647886560475e-02 1.781555730204642896e+04
4.588694615073942162e-01 -9.561067272497585090e-02 8.833448750039727404e-01 -1.303601644265433424e+05
0.000000000000000000e+00 0.000000000000000000e+00 0.000000000000000000e+00 1.000000000000000000e+00
7.794491895618452793e-01 -2.501912815207996688e-01 -5.743370310532593948e-01 8.467495072733412962e+04
-2.166630884055084083e-01 -9.678742845771735048e-01 1.275831191447825697e-01 3.119377870050802812e+03
5.878064411070789141e-01 -2.499331773103087226e-02 8.086159332737730132e-01 -1.193319947874466889e+05
0.000000000000000000e+00 0.000000000000000000e+00 0.000000000000000000e+00 1.000000000000000000e+00
7.491512534963914449e-01 -2.580751303959313847e-01 -6.100568383064128852e-01 8.994632330057125364e+04
-2.038270298096733213e-01 -9.661086404070725608e-01 1.583970406819785737e-01 -1.428005594643452696e+03
6.302596976618070057e-01 -5.682959433336074069e-03 7.763641134240906183e-01 -1.145724125929601869e+05
0.000000000000000000e+00 0.000000000000000000e+00 0.000000000000000000e+00 1.000000000000000000e+00
6.519706843942129071e-01 -2.870951844769176198e-01 -7.017907577355222415e-01 1.034840130055307091e+05
-1.684827877851101108e-01 -9.572619279078399268e-01 2.350832965583043999e-01 -1.274502707535204536e+04
7.392889300562395238e-01 3.502756706267312614e-02 6.724773461688365872e-01 -9.924125887898629298e+04
0.000000000000000000e+00 0.000000000000000000e+00 0.000000000000000000e+00 1.000000000000000000e+00
5.278171091392062086e-01 -3.381227756344505342e-01 -7.791545377334548883e-01 1.149010205261144147e+05
-1.182698812884558637e-01 -9.376673775941163358e-01 3.267922078469579494e-01 -2.627902618856858317e+04
8.410836341725750342e-01 8.033586757499812381e-02 5.349067809383949434e-01 -7.893919791597656149e+04
0.000000000000000000e+00 0.000000000000000000e+00 0.000000000000000000e+00 1.000000000000000000e+00
4.035728811953350759e-01 -3.917585978270763380e-01 -8.268336608330474347e-01 1.219372965071669023e+05
-7.165052674076079209e-02 -9.144527842849130561e-01 3.983005663923885331e-01 -3.683191627899066225e+04
9.121378606189241012e-01 1.015001495966052769e-01 3.971183214092781077e-01 -5.860498106752876629e+04
0.000000000000000000e+00 0.000000000000000000e+00 0.000000000000000000e+00 1.000000000000000000e+00
2.377745398811394462e-01 -4.513563063882353732e-01 -8.600817739725280520e-01 1.268439072980151977e+05
-1.849929705229978738e-02 -8.874212552544691324e-01 4.605891183970436953e-01 -4.602418773602678266e+04
9.711443710313536481e-01 9.360541881831192790e-02 2.193563565719087449e-01 -3.237164953336361941e+04
0.000000000000000000e+00 0.000000000000000000e+00 0.000000000000000000e+00 1.000000000000000000e+00
6.307039166882565107e-02 -4.929133580718573215e-01 -8.677895036603989753e-01 1.279813802577826718e+05
2.942378429351139371e-02 -8.682247953701530685e-01 4.952989020253134034e-01 -5.114650545023848827e+04
9.975754166004644485e-01 5.677235387740135752e-02 4.025642884505354485e-02 -5.940867301056166980e+03
0.000000000000000000e+00 0.000000000000000000e+00 0.000000000000000000e+00 1.000000000000000000e+00
9.646320000000000450e-01 -2.636009999999999742e-01 5.300000000000000078e-05 -9.101216200000000356e+01
-2.609119999999999773e-01 -9.547639999999999461e-01 1.426590000000000080e-01 8.945454600000000482e+02
3.755499999999999811e-02 1.376269999999999993e-01 9.897719999999999851e-01 -1.460662129999999888e+05
0.000000000000000000e+00 0.000000000000000000e+00 0.000000000000000000e+00 1.000000000000000000e+00
9.608752798763728897e-01 -2.620091931595320278e-01 -8.983401874394786324e-02 1.317412003590869062e+04
-2.758787353815137511e-01 -9.342323880759838550e-01 -2.260566392423255522e-01 5.530798319919719506e+04
2.469747112152553825e-02 -2.419958714435746783e-01 9.699631178579817270e-01 -1.431429050076058484e+05
0.000000000000000000e+00 0.000000000000000000e+00 0.000000000000000000e+00 1.000000000000000000e+00
9.608752798763728897e-01 -2.620091931595320278e-01 -8.983401874394786324e-02 7.977295485498962989e+03
-2.758787353815137511e-01 -9.342323880759838550e-01 -2.260566392423255522e-01 4.223079140678639669e+04
2.469747112152553825e-02 -2.419958714435746783e-01 9.699631178579817270e-01 -8.703133152625231014e+04
0.000000000000000000e+00 0.000000000000000000e+00 0.000000000000000000e+00 1.000000000000000000e+00
